4e18|0.3|1e-14|0.85
4e18|0.3|1e-14|1.0
4e18|0.3|1.5e-14|0.85
4e18|0.3|1.5e-14|1.0
4e18|0.3|2e-14|0.85
4e18|0.3|2e-14|1.0
4e18|0.3|3e-14|0.85
4e18|0.3|3e-14|1.0
5e18|0.3|1e-14|0.85
5e18|0.3|1e-14|1.0
5e18|0.3|1.5e-14|0.85
5e18|0.3|1.5e-14|1.0
5e18|0.3|2e-14|0.85
5e18|0.3|2e-14|1.0
5e18|0.3|3e-14|0.85
5e18|0.3|3e-14|1.0
6e18|0.3|1e-14|0.85
6e18|0.3|1e-14|1.0
6e18|0.3|1.5e-14|0.85
6e18|0.3|1.5e-14|1.0
6e18|0.3|2e-14|0.85
6e18|0.3|2e-14|1.0
6e18|0.3|3e-14|0.85
6e18|0.3|3e-14|1.0
4e18|0.35|1e-14|0.85
4e18|0.35|1e-14|1.0
4e18|0.35|1.5e-14|0.85
4e18|0.35|1.5e-14|1.0
4e18|0.35|2e-14|0.85
4e18|0.35|2e-14|1.0
4e18|0.35|3e-14|0.85
4e18|0.35|3e-14|1.0
5e18|0.35|1e-14|0.85
5e18|0.35|1e-14|1.0
5e18|0.35|1.5e-14|0.85
5e18|0.35|1.5e-14|1.0
5e18|0.35|2e-14|0.85
5e18|0.35|2e-14|1.0
5e18|0.35|3e-14|0.85
5e18|0.35|3e-14|1.0
6e18|0.35|1e-14|0.85
6e18|0.35|1e-14|1.0
6e18|0.35|1.5e-14|0.85
6e18|0.35|1.5e-14|1.0
6e18|0.35|2e-14|0.85
6e18|0.35|2e-14|1.0
6e18|0.35|3e-14|0.85
6e18|0.35|3e-14|1.0
4e18|0.4|1e-14|0.85
4e18|0.4|1e-14|1.0
4e18|0.4|1.5e-14|0.85
4e18|0.4|1.5e-14|1.0
4e18|0.4|2e-14|0.85
4e18|0.4|2e-14|1.0
4e18|0.4|3e-14|0.85
4e18|0.4|3e-14|1.0
5e18|0.4|1e-14|0.85
5e18|0.4|1e-14|1.0
5e18|0.4|1.5e-14|0.85
5e18|0.4|1.5e-14|1.0
5e18|0.4|2e-14|0.85
5e18|0.4|2e-14|1.0
5e18|0.4|3e-14|0.85
5e18|0.4|3e-14|1.0
6e18|0.4|1e-14|0.85
6e18|0.4|1e-14|1.0
6e18|0.4|1.5e-14|0.85
6e18|0.4|1.5e-14|1.0
6e18|0.4|2e-14|0.85
6e18|0.4|2e-14|1.0
6e18|0.4|3e-14|0.85
6e18|0.4|3e-14|1.0
1e10|0.35|3e-14|0.85
