2e18|0.55|0.0|-0.35
2e18|0.55|0.0|-0.3
2e18|0.55|0.0|-0.25
2e18|0.55|0.0|-0.2
2e18|0.55|0.0|-0.175
2e18|0.55|0.0|-0.15
2e18|0.55|0.0|-0.1
2e18|0.55|0.0|0.15
2e18|0.55|0.0|0.175
2e18|0.55|0.0|0.2
2e18|0.55|0.0|0.225
2e18|0.55|0.0|0.25
2e18|0.55|0.0075|-0.35
2e18|0.55|0.0075|-0.3
2e18|0.55|0.0075|-0.25
2e18|0.55|0.0075|-0.2
2e18|0.55|0.0075|-0.175
2e18|0.55|0.0075|-0.15
2e18|0.55|0.0075|-0.1
2e18|0.55|0.0075|0.15
2e18|0.55|0.0075|0.175
2e18|0.55|0.0075|0.2
2e18|0.55|0.0075|0.225
2e18|0.55|0.0075|0.25
2e18|0.55|0.015|-0.35
2e18|0.55|0.015|-0.3
2e18|0.55|0.015|-0.25
2e18|0.55|0.015|-0.2
2e18|0.55|0.015|-0.175
2e18|0.55|0.015|-0.15
2e18|0.55|0.015|-0.1
2e18|0.55|0.015|0.15
2e18|0.55|0.015|0.175
2e18|0.55|0.015|0.2
2e18|0.55|0.015|0.225
2e18|0.55|0.015|0.25
2e18|0.75|0.0|-0.35
2e18|0.75|0.0|-0.3
2e18|0.75|0.0|-0.25
2e18|0.75|0.0|-0.2
2e18|0.75|0.0|-0.175
2e18|0.75|0.0|-0.15
2e18|0.75|0.0|-0.1
2e18|0.75|0.0|0.15
2e18|0.75|0.0|0.175
2e18|0.75|0.0|0.2
2e18|0.75|0.0|0.225
2e18|0.75|0.0|0.25
2e18|0.75|0.0075|-0.35
2e18|0.75|0.0075|-0.3
2e18|0.75|0.0075|-0.25
2e18|0.75|0.0075|-0.2
2e18|0.75|0.0075|-0.175
2e18|0.75|0.0075|-0.15
2e18|0.75|0.0075|-0.1
2e18|0.75|0.0075|0.15
2e18|0.75|0.0075|0.175
2e18|0.75|0.0075|0.2
2e18|0.75|0.0075|0.225
2e18|0.75|0.0075|0.25
2e18|0.75|0.015|-0.35
2e18|0.75|0.015|-0.3
2e18|0.75|0.015|-0.25
2e18|0.75|0.015|-0.2
2e18|0.75|0.015|-0.175
2e18|0.75|0.015|-0.15
2e18|0.75|0.015|-0.1
2e18|0.75|0.015|0.15
2e18|0.75|0.015|0.175
2e18|0.75|0.015|0.2
2e18|0.75|0.015|0.225
2e18|0.75|0.015|0.25
4e18|0.35|0.0|-0.35
4e18|0.35|0.0|-0.3
4e18|0.35|0.0|-0.25
4e18|0.35|0.0|-0.2
4e18|0.35|0.0|-0.15
4e18|0.35|0.0|2.0
4e18|0.35|0.0|2.2
4e18|0.35|0.0|2.6
4e18|0.35|0.0|2.8
4e18|0.35|0.0075|-0.35
4e18|0.35|0.0075|-0.3
4e18|0.35|0.0075|-0.25
4e18|0.35|0.0075|-0.2
4e18|0.35|0.0075|-0.15
4e18|0.35|0.0075|2.0
4e18|0.35|0.0075|2.2
4e18|0.35|0.0075|2.6
4e18|0.35|0.0075|2.8
4e18|0.35|0.015|-0.35
4e18|0.35|0.015|-0.3
4e18|0.35|0.015|-0.25
4e18|0.35|0.015|-0.2
4e18|0.35|0.015|-0.15
4e18|0.35|0.015|2.0
4e18|0.35|0.015|2.2
4e18|0.35|0.015|2.6
4e18|0.35|0.015|2.8
1e10|0.55|0.0|0.2
