reg_eT0|0|1e-12|low|1|0|1e10|0.30|1e-14|1.0|1.0|-2.0|4.0|-
nt_t1e-12_low|1|1e-12|low|1|0|1e10|0.30|1e-14|1.0|1.0|-2.0|4.0|0.5,1.0,2.0,3.0,4.0
nt_t1e-12_field|1|1e-12|field|1|0|1e10|0.30|1e-14|1.0|1.0|-2.0|4.0|0.5,1.0,2.0,3.0,4.0
nt_t1e-12_low_st0|1|1e-12|low|0|0|1e10|0.30|1e-14|1.0|1.0|-2.0|4.0|0.5,1.0,2.0,3.0,4.0
nt_t3e-13_low|1|3e-13|low|1|0|1e10|0.30|1e-14|1.0|1.0|-2.0|4.0|0.5,1.0,2.0,3.0,4.0
nt_t1e-13_low|1|1e-13|low|1|0|1e10|0.30|1e-14|1.0|1.0|-2.0|4.0|0.5,1.0,2.0,3.0,4.0
runF_t1e-12|1|1e-12|low|1|1|4e18|0.55|1.3e-13|0.5|0.2|-2.0|4.0|0.1,0.2,0.5,1.0
late10_t1e-12|1|1e-12|low|1|1|5e18|0.30|1e-14|1.0|1.0|-2.0|4.0|0.5,1.0,1.5,2.0,3.0
late24_t1e-12|1|1e-12|low|1|1|5e18|0.30|1e-14|1.0|2.4|-2.0|4.0|0.5,1.0,1.5,2.0,3.0
late10_t3e-13|1|3e-13|low|1|1|5e18|0.30|1e-14|1.0|1.0|-2.0|4.0|-
late24_t3e-13|1|3e-13|low|1|1|5e18|0.30|1e-14|1.0|2.4|-2.0|4.0|-
late10_t1e-13|1|1e-13|low|1|1|5e18|0.30|1e-14|1.0|1.0|-2.0|4.0|-
late24_t1e-13|1|1e-13|low|1|1|5e18|0.30|1e-14|1.0|2.4|-2.0|4.0|-
