2e18|0.35|1e-14|0.5
2e18|0.35|1e-14|0.85
2e18|0.35|3e-14|0.5
2e18|0.35|3e-14|0.85
2e18|0.35|6e-14|0.5
2e18|0.35|6e-14|0.85
2e18|0.35|1.3e-13|0.5
2e18|0.35|1.3e-13|0.85
3e18|0.35|1e-14|0.5
3e18|0.35|1e-14|0.85
3e18|0.35|3e-14|0.5
3e18|0.35|3e-14|0.85
3e18|0.35|6e-14|0.5
3e18|0.35|6e-14|0.85
3e18|0.35|1.3e-13|0.5
3e18|0.35|1.3e-13|0.85
4e18|0.35|1e-14|0.5
4e18|0.35|1e-14|0.85
4e18|0.35|3e-14|0.5
4e18|0.35|3e-14|0.85
4e18|0.35|6e-14|0.5
4e18|0.35|6e-14|0.85
4e18|0.35|1.3e-13|0.5
4e18|0.35|1.3e-13|0.85
2e18|0.45|1e-14|0.5
2e18|0.45|1e-14|0.85
2e18|0.45|3e-14|0.5
2e18|0.45|3e-14|0.85
2e18|0.45|6e-14|0.5
2e18|0.45|6e-14|0.85
2e18|0.45|1.3e-13|0.5
2e18|0.45|1.3e-13|0.85
3e18|0.45|1e-14|0.5
3e18|0.45|1e-14|0.85
3e18|0.45|3e-14|0.5
3e18|0.45|3e-14|0.85
3e18|0.45|6e-14|0.5
3e18|0.45|6e-14|0.85
3e18|0.45|1.3e-13|0.5
3e18|0.45|1.3e-13|0.85
4e18|0.45|1e-14|0.5
4e18|0.45|1e-14|0.85
4e18|0.45|3e-14|0.5
4e18|0.45|3e-14|0.85
4e18|0.45|6e-14|0.5
4e18|0.45|6e-14|0.85
4e18|0.45|1.3e-13|0.5
4e18|0.45|1.3e-13|0.85
2e18|0.55|1e-14|0.5
2e18|0.55|1e-14|0.85
2e18|0.55|3e-14|0.5
2e18|0.55|3e-14|0.85
2e18|0.55|6e-14|0.5
2e18|0.55|6e-14|0.85
2e18|0.55|1.3e-13|0.5
2e18|0.55|1.3e-13|0.85
3e18|0.55|1e-14|0.5
3e18|0.55|1e-14|0.85
3e18|0.55|3e-14|0.5
3e18|0.55|3e-14|0.85
3e18|0.55|6e-14|0.5
3e18|0.55|6e-14|0.85
3e18|0.55|1.3e-13|0.5
3e18|0.55|1.3e-13|0.85
4e18|0.55|1e-14|0.5
4e18|0.55|1e-14|0.85
4e18|0.55|3e-14|0.5
4e18|0.55|3e-14|0.85
4e18|0.55|6e-14|0.5
4e18|0.55|6e-14|0.85
4e18|0.55|1.3e-13|0.5
4e18|0.55|1.3e-13|0.85
1e10|0.55|1.3e-13|0.5
