-1|-0.275|-0.4
-1|-0.275|-0.2
-1|-0.275|-0.125
-1|-0.275|0
-1|-0.275|0.125
-1|-0.275|0.2
-1|-0.275|0.285
-1|-0.275|0.5
-1|-0.275|0.725
-1|-0.275|1
-1|-0.275|1.5
-1|-0.275|2
-1|-0.275|2.5
-1|-0.225|-0.4
-1|-0.225|-0.2
-1|-0.225|-0.125
-1|-0.225|0
-1|-0.225|0.125
-1|-0.225|0.2
-1|-0.225|0.285
-1|-0.225|0.5
-1|-0.225|0.725
-1|-0.225|1
-1|-0.225|1.5
-1|-0.225|2
-1|-0.225|2.5
-1|-0.15|-0.4
-1|-0.15|0.5
-1|-0.15|0.725
-1|-0.15|1
-1|-0.15|1.5
-1|-0.15|2
-1|-0.15|2.5
-1|-0.1|-0.4
-1|-0.1|0.5
-1|-0.1|0.725
-1|-0.1|1
-1|-0.1|1.5
-1|-0.1|2
-1|-0.1|2.5
-1|-0.03|-0.4
-1|-0.03|-0.2
-1|-0.03|-0.125
-1|-0.03|0.125
-1|-0.03|0.2
-1|-0.03|0.285
-1|-0.03|0.5
-1|-0.03|0.725
-1|-0.03|1
-1|-0.03|1.5
-1|-0.03|2
-1|-0.03|2.5
-1|-0.0025|-0.4
-1|-0.0025|-0.2
-1|-0.0025|-0.125
-1|-0.0025|0
-1|-0.0025|0.125
-1|-0.0025|0.2
-1|-0.0025|0.285
-1|-0.0025|0.5
-1|-0.0025|0.725
-1|-0.0025|1
-1|-0.0025|1.5
-1|-0.0025|2
-1|-0.0025|2.5
-1|0|-0.4
-1|0|-0.2
-1|0|-0.125
-1|0|0
-1|0|0.125
-1|0|0.2
-1|0|0.285
-1|0|0.5
-1|0|0.725
-1|0|1
-1|0|1.5
-1|0|2
-1|0|2.5
-1|0.0075|-0.4
-1|0.0075|-0.2
-1|0.0075|-0.125
-1|0.0075|0
-1|0.0075|0.125
-1|0.0075|0.2
-1|0.0075|0.285
-1|0.0075|0.5
-1|0.0075|0.725
-1|0.0075|1
-1|0.0075|1.5
-1|0.0075|2
-1|0.0075|2.5
-1|0.015|-0.4
-1|0.015|-0.2
-1|0.015|-0.125
-1|0.015|0
-1|0.015|0.125
-1|0.015|0.2
-1|0.015|0.285
-1|0.015|0.5
-1|0.015|0.725
-1|0.015|1
-1|0.015|1.5
-1|0.015|2
-1|0.015|2.5
-1|0.04|-0.4
-1|0.04|-0.2
-1|0.04|-0.125
-1|0.04|0
-1|0.04|0.125
-1|0.04|0.2
-1|0.04|0.285
-1|0.04|0.5
-1|0.04|0.725
-1|0.04|1
-1|0.04|1.5
-1|0.04|2
-1|0.04|2.5
-1|0.08|-0.4
-1|0.08|-0.2
-1|0.08|-0.125
-1|0.08|0
-1|0.08|0.125
-1|0.08|0.2
-1|0.08|0.285
-1|0.08|0.5
-1|0.08|0.725
-1|0.08|1
-1|0.08|1.5
-1|0.08|2
-1|0.08|2.5
-1|0.15|-0.4
-1|0.15|-0.2
-1|0.15|-0.125
-1|0.15|0
-1|0.15|0.125
-1|0.15|0.2
-1|0.15|0.285
-1|0.15|0.5
-1|0.15|0.725
-1|0.15|1
-1|0.15|1.5
-1|0.15|2
-1|0.15|2.5
-1|0.25|-0.4
-1|0.25|-0.2
-1|0.25|-0.125
-1|0.25|0
-1|0.25|0.125
-1|0.25|0.2
-1|0.25|0.285
-1|0.25|0.5
-1|0.25|0.725
-1|0.25|1
-1|0.25|1.5
-1|0.25|2
-1|0.25|2.5
-1|0.375|-0.4
-1|0.375|-0.2
-1|0.375|-0.125
-1|0.375|0
-1|0.375|0.125
-1|0.375|0.2
-1|0.375|0.285
-1|0.375|0.5
-1|0.375|0.725
-1|0.375|1
-1|0.375|1.5
-1|0.375|2
-1|0.375|2.5
-1|0.515|-0.4
-1|0.515|-0.2
-1|0.515|-0.125
-1|0.515|0
-1|0.515|0.125
-1|0.515|0.2
-1|0.515|0.285
-1|0.515|0.5
-1|0.515|0.725
-1|0.515|1
-1|0.515|1.5
-1|0.515|2
-1|0.515|2.5
1|-0.275|-0.4
1|-0.275|-0.2
1|-0.275|-0.125
1|-0.275|0
1|-0.275|0.125
1|-0.275|0.2
1|-0.275|0.285
1|-0.275|0.5
1|-0.275|0.725
1|-0.275|1
1|-0.275|1.5
1|-0.275|2
1|-0.275|2.5
1|-0.225|-0.4
1|-0.225|-0.2
1|-0.225|-0.125
1|-0.225|0
1|-0.225|0.125
1|-0.225|0.2
1|-0.225|0.285
1|-0.225|0.5
1|-0.225|0.725
1|-0.225|1
1|-0.225|1.5
1|-0.225|2
1|-0.225|2.5
1|-0.15|-0.4
1|-0.15|0.5
1|-0.15|0.725
1|-0.15|1
1|-0.15|1.5
1|-0.15|2
1|-0.15|2.5
1|-0.1|-0.4
1|-0.1|0.5
1|-0.1|0.725
1|-0.1|1
1|-0.1|1.5
1|-0.1|2
1|-0.1|2.5
1|-0.03|-0.4
1|-0.03|-0.2
1|-0.03|-0.125
1|-0.03|0.125
1|-0.03|0.2
1|-0.03|0.285
1|-0.03|0.5
1|-0.03|0.725
1|-0.03|1
1|-0.03|1.5
1|-0.03|2
1|-0.03|2.5
1|-0.0025|-0.4
1|-0.0025|-0.2
1|-0.0025|-0.125
1|-0.0025|0
1|-0.0025|0.125
1|-0.0025|0.2
1|-0.0025|0.285
1|-0.0025|0.5
1|-0.0025|0.725
1|-0.0025|1
1|-0.0025|1.5
1|-0.0025|2
1|-0.0025|2.5
0|0|0.2
