5e18|0.30|1e-14|1.0|0|-0.4
5e18|0.30|1e-14|1.0|0|-0.125
5e18|0.30|1e-14|1.0|0|0
5e18|0.30|1e-14|1.0|0|0.125
5e18|0.30|1e-14|1.0|0|0.285
5e18|0.30|1e-14|1.0|0|0.5
5e18|0.30|1e-14|1.0|0|0.725
5e18|0.30|1e-14|1.0|0|1
5e18|0.30|1e-14|1.0|0|1.25
5e18|0.30|1e-14|1.0|0|1.5
5e18|0.30|1e-14|1.0|0|1.75
5e18|0.30|1e-14|1.0|0|2
5e18|0.30|1e-14|1.0|0|2.4
5e18|0.30|1e-14|1.0|0.00375|-0.4
5e18|0.30|1e-14|1.0|0.00375|-0.125
5e18|0.30|1e-14|1.0|0.00375|0
5e18|0.30|1e-14|1.0|0.00375|0.125
5e18|0.30|1e-14|1.0|0.00375|0.285
5e18|0.30|1e-14|1.0|0.00375|0.5
5e18|0.30|1e-14|1.0|0.00375|0.725
5e18|0.30|1e-14|1.0|0.00375|1
5e18|0.30|1e-14|1.0|0.00375|1.25
5e18|0.30|1e-14|1.0|0.00375|1.5
5e18|0.30|1e-14|1.0|0.00375|1.75
5e18|0.30|1e-14|1.0|0.00375|2
5e18|0.30|1e-14|1.0|0.00375|2.4
5e18|0.30|1e-14|1.0|0.0075|-0.4
5e18|0.30|1e-14|1.0|0.0075|-0.125
5e18|0.30|1e-14|1.0|0.0075|0
5e18|0.30|1e-14|1.0|0.0075|0.125
5e18|0.30|1e-14|1.0|0.0075|0.285
5e18|0.30|1e-14|1.0|0.0075|0.5
5e18|0.30|1e-14|1.0|0.0075|0.725
5e18|0.30|1e-14|1.0|0.0075|1
5e18|0.30|1e-14|1.0|0.0075|1.25
5e18|0.30|1e-14|1.0|0.0075|1.5
5e18|0.30|1e-14|1.0|0.0075|1.75
5e18|0.30|1e-14|1.0|0.0075|2
5e18|0.30|1e-14|1.0|0.0075|2.4
5e18|0.30|1e-14|1.0|0.01125|-0.4
5e18|0.30|1e-14|1.0|0.01125|-0.125
5e18|0.30|1e-14|1.0|0.01125|0
5e18|0.30|1e-14|1.0|0.01125|0.125
5e18|0.30|1e-14|1.0|0.01125|0.285
5e18|0.30|1e-14|1.0|0.01125|0.5
5e18|0.30|1e-14|1.0|0.01125|0.725
5e18|0.30|1e-14|1.0|0.01125|1
5e18|0.30|1e-14|1.0|0.01125|1.25
5e18|0.30|1e-14|1.0|0.01125|1.5
5e18|0.30|1e-14|1.0|0.01125|1.75
5e18|0.30|1e-14|1.0|0.01125|2
5e18|0.30|1e-14|1.0|0.01125|2.4
5e18|0.30|1e-14|1.0|0.015|-0.4
5e18|0.30|1e-14|1.0|0.015|-0.125
5e18|0.30|1e-14|1.0|0.015|0
5e18|0.30|1e-14|1.0|0.015|0.125
5e18|0.30|1e-14|1.0|0.015|0.285
5e18|0.30|1e-14|1.0|0.015|0.5
5e18|0.30|1e-14|1.0|0.015|0.725
5e18|0.30|1e-14|1.0|0.015|1
5e18|0.30|1e-14|1.0|0.015|1.25
5e18|0.30|1e-14|1.0|0.015|1.5
5e18|0.30|1e-14|1.0|0.015|1.75
5e18|0.30|1e-14|1.0|0.015|2
5e18|0.30|1e-14|1.0|0.015|2.4
1e10|0.30|1e-14|1.0|0|1.0
