4.5e18|0.30|8e-15|1.0|0.85
4.5e18|0.30|8e-15|1.0|1.0
4.5e18|0.30|8e-15|1.0|1.15
4.5e18|0.30|8e-15|1.0|1.3
4.5e18|0.30|8e-15|1.0|1.5
4.5e18|0.30|8e-15|1.0|1.7
4.5e18|0.30|1e-14|1.0|0.85
4.5e18|0.30|1e-14|1.0|1.0
4.5e18|0.30|1e-14|1.0|1.15
4.5e18|0.30|1e-14|1.0|1.3
4.5e18|0.30|1e-14|1.0|1.5
4.5e18|0.30|1e-14|1.0|1.7
4.5e18|0.30|1.2e-14|1.0|0.85
4.5e18|0.30|1.2e-14|1.0|1.0
4.5e18|0.30|1.2e-14|1.0|1.15
4.5e18|0.30|1.2e-14|1.0|1.3
4.5e18|0.30|1.2e-14|1.0|1.5
4.5e18|0.30|1.2e-14|1.0|1.7
5e18|0.30|8e-15|1.0|0.85
5e18|0.30|8e-15|1.0|1.0
5e18|0.30|8e-15|1.0|1.15
5e18|0.30|8e-15|1.0|1.3
5e18|0.30|8e-15|1.0|1.5
5e18|0.30|8e-15|1.0|1.7
5e18|0.30|1e-14|1.0|0.85
5e18|0.30|1e-14|1.0|1.0
5e18|0.30|1e-14|1.0|1.15
5e18|0.30|1e-14|1.0|1.3
5e18|0.30|1e-14|1.0|1.5
5e18|0.30|1e-14|1.0|1.7
5e18|0.30|1.2e-14|1.0|0.85
5e18|0.30|1.2e-14|1.0|1.0
5e18|0.30|1.2e-14|1.0|1.15
5e18|0.30|1.2e-14|1.0|1.3
5e18|0.30|1.2e-14|1.0|1.5
5e18|0.30|1.2e-14|1.0|1.7
5.5e18|0.30|8e-15|1.0|0.85
5.5e18|0.30|8e-15|1.0|1.0
5.5e18|0.30|8e-15|1.0|1.15
5.5e18|0.30|8e-15|1.0|1.3
5.5e18|0.30|8e-15|1.0|1.5
5.5e18|0.30|8e-15|1.0|1.7
5.5e18|0.30|1e-14|1.0|0.85
5.5e18|0.30|1e-14|1.0|1.0
5.5e18|0.30|1e-14|1.0|1.15
5.5e18|0.30|1e-14|1.0|1.3
5.5e18|0.30|1e-14|1.0|1.5
5.5e18|0.30|1e-14|1.0|1.7
5.5e18|0.30|1.2e-14|1.0|0.85
5.5e18|0.30|1.2e-14|1.0|1.0
5.5e18|0.30|1.2e-14|1.0|1.15
5.5e18|0.30|1.2e-14|1.0|1.3
5.5e18|0.30|1.2e-14|1.0|1.5
5.5e18|0.30|1.2e-14|1.0|1.7
5.5e18|0.25|1.5e-14|1.0|1.3
5.5e18|0.25|1.5e-14|1.0|1.7
6e18|0.25|1.5e-14|1.0|1.3
6e18|0.25|1.5e-14|1.0|1.7
6.5e18|0.25|1.5e-14|1.0|1.3
6.5e18|0.25|1.5e-14|1.0|1.7
1e10|0.30|1e-14|1.0|1.0
