0|-0.03|-0.4|4e18
0|-0.03|-0.2|4e18
0|-0.03|-0.125|4e18
0|-0.03|0.125|4e18
0|-0.03|0.2|4e18
0|-0.03|0.285|4e18
0|-0.03|0.5|4e18
0|-0.03|0.725|4e18
0|-0.03|1|4e18
0|-0.03|1.5|4e18
0|-0.03|2|4e18
0|-0.03|2.5|4e18
0|-0.0025|-0.4|4e18
0|-0.0025|-0.2|4e18
0|-0.0025|-0.125|4e18
0|-0.0025|0|4e18
0|-0.0025|0.125|4e18
0|-0.0025|0.2|4e18
0|-0.0025|0.285|4e18
0|-0.0025|0.5|4e18
0|-0.0025|0.725|4e18
0|-0.0025|1|4e18
0|-0.0025|1.5|4e18
0|-0.0025|2|4e18
0|-0.0025|2.5|4e18
0|0|-0.4|4e18
0|0|-0.2|4e18
0|0|-0.125|4e18
0|0|0|4e18
0|0|0.125|4e18
0|0|0.2|4e18
0|0|0.285|4e18
0|0|0.5|4e18
0|0|0.725|4e18
0|0|1|4e18
0|0|1.5|4e18
0|0|2|4e18
0|0|2.5|4e18
0|0.0075|-0.4|4e18
0|0.0075|-0.2|4e18
0|0.0075|-0.125|4e18
0|0.0075|0|4e18
0|0.0075|0.125|4e18
0|0.0075|0.2|4e18
0|0.0075|0.285|4e18
0|0.0075|0.5|4e18
0|0.0075|0.725|4e18
0|0.0075|1|4e18
0|0.0075|1.5|4e18
0|0.0075|2|4e18
0|0.0075|2.5|4e18
0|0.015|-0.4|4e18
0|0.015|-0.2|4e18
0|0.015|-0.125|4e18
0|0.015|0|4e18
0|0.015|0.125|4e18
0|0.015|0.2|4e18
0|0.015|0.285|4e18
0|0.015|0.5|4e18
0|0.015|0.725|4e18
0|0.015|1|4e18
0|0.015|1.5|4e18
0|0.015|2|4e18
0|0.015|2.5|4e18
0|0.04|-0.4|4e18
0|0.04|-0.2|4e18
0|0.04|-0.125|4e18
0|0.04|0|4e18
0|0.04|0.125|4e18
0|0.04|0.2|4e18
0|0.04|0.285|4e18
0|0.04|0.5|4e18
0|0.04|0.725|4e18
0|0.04|1|4e18
0|0.04|1.5|4e18
0|0.04|2|4e18
0|0.04|2.5|4e18
0|0.08|-0.4|4e18
0|0.08|-0.2|4e18
0|0.08|-0.125|4e18
0|0.08|0|4e18
0|0.08|0.125|4e18
0|0.08|0.2|4e18
0|0.08|0.285|4e18
0|0.08|0.5|4e18
0|0.08|0.725|4e18
0|0.08|1|4e18
0|0.08|1.5|4e18
0|0.08|2|4e18
0|0.08|2.5|4e18
0|0|0.2|1e10
