tl0.30_tp4e18|4e18|0.30|1e-14|1.0|0|-0.4
tl0.30_tp4e18|4e18|0.30|1e-14|1.0|0|-0.125
tl0.30_tp4e18|4e18|0.30|1e-14|1.0|0|0
tl0.30_tp4e18|4e18|0.30|1e-14|1.0|0|0.125
tl0.30_tp4e18|4e18|0.30|1e-14|1.0|0|0.285
tl0.30_tp4e18|4e18|0.30|1e-14|1.0|0|0.5
tl0.30_tp4e18|4e18|0.30|1e-14|1.0|0|0.725
tl0.30_tp4e18|4e18|0.30|1e-14|1.0|0|1
tl0.30_tp4e18|4e18|0.30|1e-14|1.0|0|1.25
tl0.30_tp4e18|4e18|0.30|1e-14|1.0|0|1.5
tl0.30_tp4e18|4e18|0.30|1e-14|1.0|0|1.75
tl0.30_tp4e18|4e18|0.30|1e-14|1.0|0|2
tl0.30_tp4e18|4e18|0.30|1e-14|1.0|0|2.4
tl0.30_tp4e18|4e18|0.30|1e-14|1.0|0.00375|-0.4
tl0.30_tp4e18|4e18|0.30|1e-14|1.0|0.00375|-0.125
tl0.30_tp4e18|4e18|0.30|1e-14|1.0|0.00375|0
tl0.30_tp4e18|4e18|0.30|1e-14|1.0|0.00375|0.125
tl0.30_tp4e18|4e18|0.30|1e-14|1.0|0.00375|0.285
tl0.30_tp4e18|4e18|0.30|1e-14|1.0|0.00375|0.5
tl0.30_tp4e18|4e18|0.30|1e-14|1.0|0.00375|0.725
tl0.30_tp4e18|4e18|0.30|1e-14|1.0|0.00375|1
tl0.30_tp4e18|4e18|0.30|1e-14|1.0|0.00375|1.25
tl0.30_tp4e18|4e18|0.30|1e-14|1.0|0.00375|1.5
tl0.30_tp4e18|4e18|0.30|1e-14|1.0|0.00375|1.75
tl0.30_tp4e18|4e18|0.30|1e-14|1.0|0.00375|2
tl0.30_tp4e18|4e18|0.30|1e-14|1.0|0.00375|2.4
tl0.30_tp4e18|4e18|0.30|1e-14|1.0|0.0075|-0.4
tl0.30_tp4e18|4e18|0.30|1e-14|1.0|0.0075|-0.125
tl0.30_tp4e18|4e18|0.30|1e-14|1.0|0.0075|0
tl0.30_tp4e18|4e18|0.30|1e-14|1.0|0.0075|0.125
tl0.30_tp4e18|4e18|0.30|1e-14|1.0|0.0075|0.285
tl0.30_tp4e18|4e18|0.30|1e-14|1.0|0.0075|0.5
tl0.30_tp4e18|4e18|0.30|1e-14|1.0|0.0075|0.725
tl0.30_tp4e18|4e18|0.30|1e-14|1.0|0.0075|1
tl0.30_tp4e18|4e18|0.30|1e-14|1.0|0.0075|1.25
tl0.30_tp4e18|4e18|0.30|1e-14|1.0|0.0075|1.5
tl0.30_tp4e18|4e18|0.30|1e-14|1.0|0.0075|1.75
tl0.30_tp4e18|4e18|0.30|1e-14|1.0|0.0075|2
tl0.30_tp4e18|4e18|0.30|1e-14|1.0|0.0075|2.4
tl0.30_tp4e18|4e18|0.30|1e-14|1.0|0.01125|-0.4
tl0.30_tp4e18|4e18|0.30|1e-14|1.0|0.01125|-0.125
tl0.30_tp4e18|4e18|0.30|1e-14|1.0|0.01125|0
tl0.30_tp4e18|4e18|0.30|1e-14|1.0|0.01125|0.125
tl0.30_tp4e18|4e18|0.30|1e-14|1.0|0.01125|0.285
tl0.30_tp4e18|4e18|0.30|1e-14|1.0|0.01125|0.5
tl0.30_tp4e18|4e18|0.30|1e-14|1.0|0.01125|0.725
tl0.30_tp4e18|4e18|0.30|1e-14|1.0|0.01125|1
tl0.30_tp4e18|4e18|0.30|1e-14|1.0|0.01125|1.25
tl0.30_tp4e18|4e18|0.30|1e-14|1.0|0.01125|1.5
tl0.30_tp4e18|4e18|0.30|1e-14|1.0|0.01125|1.75
tl0.30_tp4e18|4e18|0.30|1e-14|1.0|0.01125|2
tl0.30_tp4e18|4e18|0.30|1e-14|1.0|0.01125|2.4
tl0.30_tp4e18|4e18|0.30|1e-14|1.0|0.015|-0.4
tl0.30_tp4e18|4e18|0.30|1e-14|1.0|0.015|-0.125
tl0.30_tp4e18|4e18|0.30|1e-14|1.0|0.015|0
tl0.30_tp4e18|4e18|0.30|1e-14|1.0|0.015|0.125
tl0.30_tp4e18|4e18|0.30|1e-14|1.0|0.015|0.285
tl0.30_tp4e18|4e18|0.30|1e-14|1.0|0.015|0.5
tl0.30_tp4e18|4e18|0.30|1e-14|1.0|0.015|0.725
tl0.30_tp4e18|4e18|0.30|1e-14|1.0|0.015|1
tl0.30_tp4e18|4e18|0.30|1e-14|1.0|0.015|1.25
tl0.30_tp4e18|4e18|0.30|1e-14|1.0|0.015|1.5
tl0.30_tp4e18|4e18|0.30|1e-14|1.0|0.015|1.75
tl0.30_tp4e18|4e18|0.30|1e-14|1.0|0.015|2
tl0.30_tp4e18|4e18|0.30|1e-14|1.0|0.015|2.4
tl0.30_tp6e18|6e18|0.30|1e-14|1.0|0|-0.4
tl0.30_tp6e18|6e18|0.30|1e-14|1.0|0|-0.125
tl0.30_tp6e18|6e18|0.30|1e-14|1.0|0|0
tl0.30_tp6e18|6e18|0.30|1e-14|1.0|0|0.125
tl0.30_tp6e18|6e18|0.30|1e-14|1.0|0|0.285
tl0.30_tp6e18|6e18|0.30|1e-14|1.0|0|0.5
tl0.30_tp6e18|6e18|0.30|1e-14|1.0|0|0.725
tl0.30_tp6e18|6e18|0.30|1e-14|1.0|0|1
tl0.30_tp6e18|6e18|0.30|1e-14|1.0|0|1.25
tl0.30_tp6e18|6e18|0.30|1e-14|1.0|0|1.5
tl0.30_tp6e18|6e18|0.30|1e-14|1.0|0|1.75
tl0.30_tp6e18|6e18|0.30|1e-14|1.0|0|2
tl0.30_tp6e18|6e18|0.30|1e-14|1.0|0|2.4
tl0.30_tp6e18|6e18|0.30|1e-14|1.0|0.00375|-0.4
tl0.30_tp6e18|6e18|0.30|1e-14|1.0|0.00375|-0.125
tl0.30_tp6e18|6e18|0.30|1e-14|1.0|0.00375|0
tl0.30_tp6e18|6e18|0.30|1e-14|1.0|0.00375|0.125
tl0.30_tp6e18|6e18|0.30|1e-14|1.0|0.00375|0.285
tl0.30_tp6e18|6e18|0.30|1e-14|1.0|0.00375|0.5
tl0.30_tp6e18|6e18|0.30|1e-14|1.0|0.00375|0.725
tl0.30_tp6e18|6e18|0.30|1e-14|1.0|0.00375|1
tl0.30_tp6e18|6e18|0.30|1e-14|1.0|0.00375|1.25
tl0.30_tp6e18|6e18|0.30|1e-14|1.0|0.00375|1.5
tl0.30_tp6e18|6e18|0.30|1e-14|1.0|0.00375|1.75
tl0.30_tp6e18|6e18|0.30|1e-14|1.0|0.00375|2
tl0.30_tp6e18|6e18|0.30|1e-14|1.0|0.00375|2.4
tl0.30_tp6e18|6e18|0.30|1e-14|1.0|0.0075|-0.4
tl0.30_tp6e18|6e18|0.30|1e-14|1.0|0.0075|-0.125
tl0.30_tp6e18|6e18|0.30|1e-14|1.0|0.0075|0
tl0.30_tp6e18|6e18|0.30|1e-14|1.0|0.0075|0.125
tl0.30_tp6e18|6e18|0.30|1e-14|1.0|0.0075|0.285
tl0.30_tp6e18|6e18|0.30|1e-14|1.0|0.0075|0.5
tl0.30_tp6e18|6e18|0.30|1e-14|1.0|0.0075|0.725
tl0.30_tp6e18|6e18|0.30|1e-14|1.0|0.0075|1
tl0.30_tp6e18|6e18|0.30|1e-14|1.0|0.0075|1.25
tl0.30_tp6e18|6e18|0.30|1e-14|1.0|0.0075|1.5
tl0.30_tp6e18|6e18|0.30|1e-14|1.0|0.0075|1.75
tl0.30_tp6e18|6e18|0.30|1e-14|1.0|0.0075|2
tl0.30_tp6e18|6e18|0.30|1e-14|1.0|0.0075|2.4
tl0.30_tp6e18|6e18|0.30|1e-14|1.0|0.01125|-0.4
tl0.30_tp6e18|6e18|0.30|1e-14|1.0|0.01125|-0.125
tl0.30_tp6e18|6e18|0.30|1e-14|1.0|0.01125|0
tl0.30_tp6e18|6e18|0.30|1e-14|1.0|0.01125|0.125
tl0.30_tp6e18|6e18|0.30|1e-14|1.0|0.01125|0.285
tl0.30_tp6e18|6e18|0.30|1e-14|1.0|0.01125|0.5
tl0.30_tp6e18|6e18|0.30|1e-14|1.0|0.01125|0.725
tl0.30_tp6e18|6e18|0.30|1e-14|1.0|0.01125|1
tl0.30_tp6e18|6e18|0.30|1e-14|1.0|0.01125|1.25
tl0.30_tp6e18|6e18|0.30|1e-14|1.0|0.01125|1.5
tl0.30_tp6e18|6e18|0.30|1e-14|1.0|0.01125|1.75
tl0.30_tp6e18|6e18|0.30|1e-14|1.0|0.01125|2
tl0.30_tp6e18|6e18|0.30|1e-14|1.0|0.01125|2.4
tl0.30_tp6e18|6e18|0.30|1e-14|1.0|0.015|-0.4
tl0.30_tp6e18|6e18|0.30|1e-14|1.0|0.015|-0.125
tl0.30_tp6e18|6e18|0.30|1e-14|1.0|0.015|0
tl0.30_tp6e18|6e18|0.30|1e-14|1.0|0.015|0.125
tl0.30_tp6e18|6e18|0.30|1e-14|1.0|0.015|0.285
tl0.30_tp6e18|6e18|0.30|1e-14|1.0|0.015|0.5
tl0.30_tp6e18|6e18|0.30|1e-14|1.0|0.015|0.725
tl0.30_tp6e18|6e18|0.30|1e-14|1.0|0.015|1
tl0.30_tp6e18|6e18|0.30|1e-14|1.0|0.015|1.25
tl0.30_tp6e18|6e18|0.30|1e-14|1.0|0.015|1.5
tl0.30_tp6e18|6e18|0.30|1e-14|1.0|0.015|1.75
tl0.30_tp6e18|6e18|0.30|1e-14|1.0|0.015|2
tl0.30_tp6e18|6e18|0.30|1e-14|1.0|0.015|2.4
tl0.25_tp6e18|6e18|0.25|1e-14|1.0|0|-0.4
tl0.25_tp6e18|6e18|0.25|1e-14|1.0|0|-0.125
tl0.25_tp6e18|6e18|0.25|1e-14|1.0|0|0
tl0.25_tp6e18|6e18|0.25|1e-14|1.0|0|0.125
tl0.25_tp6e18|6e18|0.25|1e-14|1.0|0|0.285
tl0.25_tp6e18|6e18|0.25|1e-14|1.0|0|0.5
tl0.25_tp6e18|6e18|0.25|1e-14|1.0|0|0.725
tl0.25_tp6e18|6e18|0.25|1e-14|1.0|0|1
tl0.25_tp6e18|6e18|0.25|1e-14|1.0|0|1.25
tl0.25_tp6e18|6e18|0.25|1e-14|1.0|0|1.5
tl0.25_tp6e18|6e18|0.25|1e-14|1.0|0|1.75
tl0.25_tp6e18|6e18|0.25|1e-14|1.0|0|2
tl0.25_tp6e18|6e18|0.25|1e-14|1.0|0|2.4
tl0.25_tp6e18|6e18|0.25|1e-14|1.0|0.00375|-0.4
tl0.25_tp6e18|6e18|0.25|1e-14|1.0|0.00375|-0.125
tl0.25_tp6e18|6e18|0.25|1e-14|1.0|0.00375|0
tl0.25_tp6e18|6e18|0.25|1e-14|1.0|0.00375|0.125
tl0.25_tp6e18|6e18|0.25|1e-14|1.0|0.00375|0.285
tl0.25_tp6e18|6e18|0.25|1e-14|1.0|0.00375|0.5
tl0.25_tp6e18|6e18|0.25|1e-14|1.0|0.00375|0.725
tl0.25_tp6e18|6e18|0.25|1e-14|1.0|0.00375|1
tl0.25_tp6e18|6e18|0.25|1e-14|1.0|0.00375|1.25
tl0.25_tp6e18|6e18|0.25|1e-14|1.0|0.00375|1.5
tl0.25_tp6e18|6e18|0.25|1e-14|1.0|0.00375|1.75
tl0.25_tp6e18|6e18|0.25|1e-14|1.0|0.00375|2
tl0.25_tp6e18|6e18|0.25|1e-14|1.0|0.00375|2.4
tl0.25_tp6e18|6e18|0.25|1e-14|1.0|0.0075|-0.4
tl0.25_tp6e18|6e18|0.25|1e-14|1.0|0.0075|-0.125
tl0.25_tp6e18|6e18|0.25|1e-14|1.0|0.0075|0
tl0.25_tp6e18|6e18|0.25|1e-14|1.0|0.0075|0.125
tl0.25_tp6e18|6e18|0.25|1e-14|1.0|0.0075|0.285
tl0.25_tp6e18|6e18|0.25|1e-14|1.0|0.0075|0.5
tl0.25_tp6e18|6e18|0.25|1e-14|1.0|0.0075|0.725
tl0.25_tp6e18|6e18|0.25|1e-14|1.0|0.0075|1
tl0.25_tp6e18|6e18|0.25|1e-14|1.0|0.0075|1.25
tl0.25_tp6e18|6e18|0.25|1e-14|1.0|0.0075|1.5
tl0.25_tp6e18|6e18|0.25|1e-14|1.0|0.0075|1.75
tl0.25_tp6e18|6e18|0.25|1e-14|1.0|0.0075|2
tl0.25_tp6e18|6e18|0.25|1e-14|1.0|0.0075|2.4
tl0.25_tp6e18|6e18|0.25|1e-14|1.0|0.01125|-0.4
tl0.25_tp6e18|6e18|0.25|1e-14|1.0|0.01125|-0.125
tl0.25_tp6e18|6e18|0.25|1e-14|1.0|0.01125|0
tl0.25_tp6e18|6e18|0.25|1e-14|1.0|0.01125|0.125
tl0.25_tp6e18|6e18|0.25|1e-14|1.0|0.01125|0.285
tl0.25_tp6e18|6e18|0.25|1e-14|1.0|0.01125|0.5
tl0.25_tp6e18|6e18|0.25|1e-14|1.0|0.01125|0.725
tl0.25_tp6e18|6e18|0.25|1e-14|1.0|0.01125|1
tl0.25_tp6e18|6e18|0.25|1e-14|1.0|0.01125|1.25
tl0.25_tp6e18|6e18|0.25|1e-14|1.0|0.01125|1.5
tl0.25_tp6e18|6e18|0.25|1e-14|1.0|0.01125|1.75
tl0.25_tp6e18|6e18|0.25|1e-14|1.0|0.01125|2
tl0.25_tp6e18|6e18|0.25|1e-14|1.0|0.01125|2.4
tl0.25_tp6e18|6e18|0.25|1e-14|1.0|0.015|-0.4
tl0.25_tp6e18|6e18|0.25|1e-14|1.0|0.015|-0.125
tl0.25_tp6e18|6e18|0.25|1e-14|1.0|0.015|0
tl0.25_tp6e18|6e18|0.25|1e-14|1.0|0.015|0.125
tl0.25_tp6e18|6e18|0.25|1e-14|1.0|0.015|0.285
tl0.25_tp6e18|6e18|0.25|1e-14|1.0|0.015|0.5
tl0.25_tp6e18|6e18|0.25|1e-14|1.0|0.015|0.725
tl0.25_tp6e18|6e18|0.25|1e-14|1.0|0.015|1
tl0.25_tp6e18|6e18|0.25|1e-14|1.0|0.015|1.25
tl0.25_tp6e18|6e18|0.25|1e-14|1.0|0.015|1.5
tl0.25_tp6e18|6e18|0.25|1e-14|1.0|0.015|1.75
tl0.25_tp6e18|6e18|0.25|1e-14|1.0|0.015|2
tl0.25_tp6e18|6e18|0.25|1e-14|1.0|0.015|2.4
tl0.40_tp5e18|5e18|0.40|1e-14|1.0|0|-0.4
tl0.40_tp5e18|5e18|0.40|1e-14|1.0|0|-0.125
tl0.40_tp5e18|5e18|0.40|1e-14|1.0|0|0
tl0.40_tp5e18|5e18|0.40|1e-14|1.0|0|0.125
tl0.40_tp5e18|5e18|0.40|1e-14|1.0|0|0.285
tl0.40_tp5e18|5e18|0.40|1e-14|1.0|0|0.5
tl0.40_tp5e18|5e18|0.40|1e-14|1.0|0|0.725
tl0.40_tp5e18|5e18|0.40|1e-14|1.0|0|1
tl0.40_tp5e18|5e18|0.40|1e-14|1.0|0|1.25
tl0.40_tp5e18|5e18|0.40|1e-14|1.0|0|1.5
tl0.40_tp5e18|5e18|0.40|1e-14|1.0|0|1.75
tl0.40_tp5e18|5e18|0.40|1e-14|1.0|0|2
tl0.40_tp5e18|5e18|0.40|1e-14|1.0|0|2.4
tl0.40_tp5e18|5e18|0.40|1e-14|1.0|0.00375|-0.4
tl0.40_tp5e18|5e18|0.40|1e-14|1.0|0.00375|-0.125
tl0.40_tp5e18|5e18|0.40|1e-14|1.0|0.00375|0
tl0.40_tp5e18|5e18|0.40|1e-14|1.0|0.00375|0.125
tl0.40_tp5e18|5e18|0.40|1e-14|1.0|0.00375|0.285
tl0.40_tp5e18|5e18|0.40|1e-14|1.0|0.00375|0.5
tl0.40_tp5e18|5e18|0.40|1e-14|1.0|0.00375|0.725
tl0.40_tp5e18|5e18|0.40|1e-14|1.0|0.00375|1
tl0.40_tp5e18|5e18|0.40|1e-14|1.0|0.00375|1.25
tl0.40_tp5e18|5e18|0.40|1e-14|1.0|0.00375|1.5
tl0.40_tp5e18|5e18|0.40|1e-14|1.0|0.00375|1.75
tl0.40_tp5e18|5e18|0.40|1e-14|1.0|0.00375|2
tl0.40_tp5e18|5e18|0.40|1e-14|1.0|0.00375|2.4
tl0.40_tp5e18|5e18|0.40|1e-14|1.0|0.0075|-0.4
tl0.40_tp5e18|5e18|0.40|1e-14|1.0|0.0075|-0.125
tl0.40_tp5e18|5e18|0.40|1e-14|1.0|0.0075|0
tl0.40_tp5e18|5e18|0.40|1e-14|1.0|0.0075|0.125
tl0.40_tp5e18|5e18|0.40|1e-14|1.0|0.0075|0.285
tl0.40_tp5e18|5e18|0.40|1e-14|1.0|0.0075|0.5
tl0.40_tp5e18|5e18|0.40|1e-14|1.0|0.0075|0.725
tl0.40_tp5e18|5e18|0.40|1e-14|1.0|0.0075|1
tl0.40_tp5e18|5e18|0.40|1e-14|1.0|0.0075|1.25
tl0.40_tp5e18|5e18|0.40|1e-14|1.0|0.0075|1.5
tl0.40_tp5e18|5e18|0.40|1e-14|1.0|0.0075|1.75
tl0.40_tp5e18|5e18|0.40|1e-14|1.0|0.0075|2
tl0.40_tp5e18|5e18|0.40|1e-14|1.0|0.0075|2.4
tl0.40_tp5e18|5e18|0.40|1e-14|1.0|0.01125|-0.4
tl0.40_tp5e18|5e18|0.40|1e-14|1.0|0.01125|-0.125
tl0.40_tp5e18|5e18|0.40|1e-14|1.0|0.01125|0
tl0.40_tp5e18|5e18|0.40|1e-14|1.0|0.01125|0.125
tl0.40_tp5e18|5e18|0.40|1e-14|1.0|0.01125|0.285
tl0.40_tp5e18|5e18|0.40|1e-14|1.0|0.01125|0.5
tl0.40_tp5e18|5e18|0.40|1e-14|1.0|0.01125|0.725
tl0.40_tp5e18|5e18|0.40|1e-14|1.0|0.01125|1
tl0.40_tp5e18|5e18|0.40|1e-14|1.0|0.01125|1.25
tl0.40_tp5e18|5e18|0.40|1e-14|1.0|0.01125|1.5
tl0.40_tp5e18|5e18|0.40|1e-14|1.0|0.01125|1.75
tl0.40_tp5e18|5e18|0.40|1e-14|1.0|0.01125|2
tl0.40_tp5e18|5e18|0.40|1e-14|1.0|0.01125|2.4
tl0.40_tp5e18|5e18|0.40|1e-14|1.0|0.015|-0.4
tl0.40_tp5e18|5e18|0.40|1e-14|1.0|0.015|-0.125
tl0.40_tp5e18|5e18|0.40|1e-14|1.0|0.015|0
tl0.40_tp5e18|5e18|0.40|1e-14|1.0|0.015|0.125
tl0.40_tp5e18|5e18|0.40|1e-14|1.0|0.015|0.285
tl0.40_tp5e18|5e18|0.40|1e-14|1.0|0.015|0.5
tl0.40_tp5e18|5e18|0.40|1e-14|1.0|0.015|0.725
tl0.40_tp5e18|5e18|0.40|1e-14|1.0|0.015|1
tl0.40_tp5e18|5e18|0.40|1e-14|1.0|0.015|1.25
tl0.40_tp5e18|5e18|0.40|1e-14|1.0|0.015|1.5
tl0.40_tp5e18|5e18|0.40|1e-14|1.0|0.015|1.75
tl0.40_tp5e18|5e18|0.40|1e-14|1.0|0.015|2
tl0.40_tp5e18|5e18|0.40|1e-14|1.0|0.015|2.4
tl0.55_tp4e18|4e18|0.55|1e-14|1.0|0|-0.4
tl0.55_tp4e18|4e18|0.55|1e-14|1.0|0|-0.125
tl0.55_tp4e18|4e18|0.55|1e-14|1.0|0|0
tl0.55_tp4e18|4e18|0.55|1e-14|1.0|0|0.125
tl0.55_tp4e18|4e18|0.55|1e-14|1.0|0|0.285
tl0.55_tp4e18|4e18|0.55|1e-14|1.0|0|0.5
tl0.55_tp4e18|4e18|0.55|1e-14|1.0|0|0.725
tl0.55_tp4e18|4e18|0.55|1e-14|1.0|0|1
tl0.55_tp4e18|4e18|0.55|1e-14|1.0|0|1.25
tl0.55_tp4e18|4e18|0.55|1e-14|1.0|0|1.5
tl0.55_tp4e18|4e18|0.55|1e-14|1.0|0|1.75
tl0.55_tp4e18|4e18|0.55|1e-14|1.0|0|2
tl0.55_tp4e18|4e18|0.55|1e-14|1.0|0|2.4
tl0.55_tp4e18|4e18|0.55|1e-14|1.0|0.00375|-0.4
tl0.55_tp4e18|4e18|0.55|1e-14|1.0|0.00375|-0.125
tl0.55_tp4e18|4e18|0.55|1e-14|1.0|0.00375|0
tl0.55_tp4e18|4e18|0.55|1e-14|1.0|0.00375|0.125
tl0.55_tp4e18|4e18|0.55|1e-14|1.0|0.00375|0.285
tl0.55_tp4e18|4e18|0.55|1e-14|1.0|0.00375|0.5
tl0.55_tp4e18|4e18|0.55|1e-14|1.0|0.00375|0.725
tl0.55_tp4e18|4e18|0.55|1e-14|1.0|0.00375|1
tl0.55_tp4e18|4e18|0.55|1e-14|1.0|0.00375|1.25
tl0.55_tp4e18|4e18|0.55|1e-14|1.0|0.00375|1.5
tl0.55_tp4e18|4e18|0.55|1e-14|1.0|0.00375|1.75
tl0.55_tp4e18|4e18|0.55|1e-14|1.0|0.00375|2
tl0.55_tp4e18|4e18|0.55|1e-14|1.0|0.00375|2.4
tl0.55_tp4e18|4e18|0.55|1e-14|1.0|0.0075|-0.4
tl0.55_tp4e18|4e18|0.55|1e-14|1.0|0.0075|-0.125
tl0.55_tp4e18|4e18|0.55|1e-14|1.0|0.0075|0
tl0.55_tp4e18|4e18|0.55|1e-14|1.0|0.0075|0.125
tl0.55_tp4e18|4e18|0.55|1e-14|1.0|0.0075|0.285
tl0.55_tp4e18|4e18|0.55|1e-14|1.0|0.0075|0.5
tl0.55_tp4e18|4e18|0.55|1e-14|1.0|0.0075|0.725
tl0.55_tp4e18|4e18|0.55|1e-14|1.0|0.0075|1
tl0.55_tp4e18|4e18|0.55|1e-14|1.0|0.0075|1.25
tl0.55_tp4e18|4e18|0.55|1e-14|1.0|0.0075|1.5
tl0.55_tp4e18|4e18|0.55|1e-14|1.0|0.0075|1.75
tl0.55_tp4e18|4e18|0.55|1e-14|1.0|0.0075|2
tl0.55_tp4e18|4e18|0.55|1e-14|1.0|0.0075|2.4
tl0.55_tp4e18|4e18|0.55|1e-14|1.0|0.01125|-0.4
tl0.55_tp4e18|4e18|0.55|1e-14|1.0|0.01125|-0.125
tl0.55_tp4e18|4e18|0.55|1e-14|1.0|0.01125|0
tl0.55_tp4e18|4e18|0.55|1e-14|1.0|0.01125|0.125
tl0.55_tp4e18|4e18|0.55|1e-14|1.0|0.01125|0.285
tl0.55_tp4e18|4e18|0.55|1e-14|1.0|0.01125|0.5
tl0.55_tp4e18|4e18|0.55|1e-14|1.0|0.01125|0.725
tl0.55_tp4e18|4e18|0.55|1e-14|1.0|0.01125|1
tl0.55_tp4e18|4e18|0.55|1e-14|1.0|0.01125|1.25
tl0.55_tp4e18|4e18|0.55|1e-14|1.0|0.01125|1.5
tl0.55_tp4e18|4e18|0.55|1e-14|1.0|0.01125|1.75
tl0.55_tp4e18|4e18|0.55|1e-14|1.0|0.01125|2
tl0.55_tp4e18|4e18|0.55|1e-14|1.0|0.01125|2.4
tl0.55_tp4e18|4e18|0.55|1e-14|1.0|0.015|-0.4
tl0.55_tp4e18|4e18|0.55|1e-14|1.0|0.015|-0.125
tl0.55_tp4e18|4e18|0.55|1e-14|1.0|0.015|0
tl0.55_tp4e18|4e18|0.55|1e-14|1.0|0.015|0.125
tl0.55_tp4e18|4e18|0.55|1e-14|1.0|0.015|0.285
tl0.55_tp4e18|4e18|0.55|1e-14|1.0|0.015|0.5
tl0.55_tp4e18|4e18|0.55|1e-14|1.0|0.015|0.725
tl0.55_tp4e18|4e18|0.55|1e-14|1.0|0.015|1
tl0.55_tp4e18|4e18|0.55|1e-14|1.0|0.015|1.25
tl0.55_tp4e18|4e18|0.55|1e-14|1.0|0.015|1.5
tl0.55_tp4e18|4e18|0.55|1e-14|1.0|0.015|1.75
tl0.55_tp4e18|4e18|0.55|1e-14|1.0|0.015|2
tl0.55_tp4e18|4e18|0.55|1e-14|1.0|0.015|2.4
