2e18|0.05|30|-0.4
2e18|0.05|30|-0.125
2e18|0.05|30|0.0
2e18|0.05|30|0.125
2e18|0.05|30|0.285
2e18|0.05|30|0.5
2e18|0.05|30|0.725
2e18|0.05|30|1.25
2e18|0.05|30|1.75
2e18|0.05|30|2.4
2e18|0.1|30|-0.4
2e18|0.1|30|-0.125
2e18|0.1|30|0.0
2e18|0.1|30|0.125
2e18|0.1|30|0.285
2e18|0.1|30|0.5
2e18|0.1|30|0.725
2e18|0.1|30|1.25
2e18|0.1|30|1.75
2e18|0.1|30|2.4
2e18|0.2|30|-0.4
2e18|0.2|30|-0.125
2e18|0.2|30|0.0
2e18|0.2|30|0.125
2e18|0.2|30|0.285
2e18|0.2|30|0.5
2e18|0.2|30|0.725
2e18|0.2|30|1.25
2e18|0.2|30|1.75
2e18|0.2|30|2.4
2e18|0.1|15|-0.4
2e18|0.1|15|-0.125
2e18|0.1|15|0.0
2e18|0.1|15|0.125
2e18|0.1|15|0.285
2e18|0.1|15|0.5
2e18|0.1|15|0.725
2e18|0.1|15|1.25
2e18|0.1|15|1.75
2e18|0.1|15|2.4
2e18|0.1|45|-0.4
2e18|0.1|45|-0.125
2e18|0.1|45|0.0
2e18|0.1|45|0.125
2e18|0.1|45|0.285
2e18|0.1|45|0.5
2e18|0.1|45|0.725
2e18|0.1|45|1.25
2e18|0.1|45|1.75
2e18|0.1|45|2.4
1e10|0.1|30|0.2
