4e18|0.55|0.05|30|-0.4
4e18|0.55|0.05|30|-0.125
4e18|0.55|0.05|30|0.0
4e18|0.55|0.05|30|0.125
4e18|0.55|0.05|30|0.285
4e18|0.55|0.05|30|0.5
4e18|0.55|0.05|30|0.725
4e18|0.55|0.05|30|1.25
4e18|0.55|0.05|30|1.75
4e18|0.55|0.05|30|2.4
4e18|0.55|0.1|30|-0.4
4e18|0.55|0.1|30|-0.125
4e18|0.55|0.1|30|0.0
4e18|0.55|0.1|30|0.125
4e18|0.55|0.1|30|0.285
4e18|0.55|0.1|30|0.5
4e18|0.55|0.1|30|0.725
4e18|0.55|0.1|30|1.25
4e18|0.55|0.1|30|1.75
4e18|0.55|0.1|30|2.4
4e18|0.55|0.2|30|-0.4
4e18|0.55|0.2|30|-0.125
4e18|0.55|0.2|30|0.0
4e18|0.55|0.2|30|0.125
4e18|0.55|0.2|30|0.285
4e18|0.55|0.2|30|0.5
4e18|0.55|0.2|30|0.725
4e18|0.55|0.2|30|1.25
4e18|0.55|0.2|30|1.75
4e18|0.55|0.2|30|2.4
4e18|0.55|0.1|15|-0.4
4e18|0.55|0.1|15|-0.125
4e18|0.55|0.1|15|0.0
4e18|0.55|0.1|15|0.125
4e18|0.55|0.1|15|0.285
4e18|0.55|0.1|15|0.5
4e18|0.55|0.1|15|0.725
4e18|0.55|0.1|15|1.25
4e18|0.55|0.1|15|1.75
4e18|0.55|0.1|15|2.4
4e18|0.55|0.1|45|-0.4
4e18|0.55|0.1|45|-0.125
4e18|0.55|0.1|45|0.0
4e18|0.55|0.1|45|0.125
4e18|0.55|0.1|45|0.285
4e18|0.55|0.1|45|0.5
4e18|0.55|0.1|45|0.725
4e18|0.55|0.1|45|1.25
4e18|0.55|0.1|45|1.75
4e18|0.55|0.1|45|2.4
4e18|0.35|0.05|30|-0.4
4e18|0.35|0.05|30|-0.125
4e18|0.35|0.05|30|0.0
4e18|0.35|0.05|30|0.125
4e18|0.35|0.05|30|0.285
4e18|0.35|0.05|30|0.5
4e18|0.35|0.05|30|0.725
4e18|0.35|0.05|30|1.25
4e18|0.35|0.05|30|1.75
4e18|0.35|0.05|30|2.4
4e18|0.35|0.1|30|-0.4
4e18|0.35|0.1|30|-0.125
4e18|0.35|0.1|30|0.0
4e18|0.35|0.1|30|0.125
4e18|0.35|0.1|30|0.285
4e18|0.35|0.1|30|0.5
4e18|0.35|0.1|30|0.725
4e18|0.35|0.1|30|1.25
4e18|0.35|0.1|30|1.75
4e18|0.35|0.1|30|2.4
4e18|0.35|0.2|30|-0.4
4e18|0.35|0.2|30|-0.125
4e18|0.35|0.2|30|0.0
4e18|0.35|0.2|30|0.125
4e18|0.35|0.2|30|0.285
4e18|0.35|0.2|30|0.5
4e18|0.35|0.2|30|0.725
4e18|0.35|0.2|30|1.25
4e18|0.35|0.2|30|1.75
4e18|0.35|0.2|30|2.4
4e18|0.35|0.1|15|-0.4
4e18|0.35|0.1|15|-0.125
4e18|0.35|0.1|15|0.0
4e18|0.35|0.1|15|0.125
4e18|0.35|0.1|15|0.285
4e18|0.35|0.1|15|0.5
4e18|0.35|0.1|15|0.725
4e18|0.35|0.1|15|1.25
4e18|0.35|0.1|15|1.75
4e18|0.35|0.1|15|2.4
4e18|0.35|0.1|45|-0.4
4e18|0.35|0.1|45|-0.125
4e18|0.35|0.1|45|0.0
4e18|0.35|0.1|45|0.125
4e18|0.35|0.1|45|0.285
4e18|0.35|0.1|45|0.5
4e18|0.35|0.1|45|0.725
4e18|0.35|0.1|45|1.25
4e18|0.35|0.1|45|1.75
4e18|0.35|0.1|45|2.4
1e10|0.55|0.1|30|0.2
