4e18|0.55|0.0|-0.4
4e18|0.55|0.0|-0.125
4e18|0.55|0.0|0.0
4e18|0.55|0.0|0.125
4e18|0.55|0.0|0.285
4e18|0.55|0.0|0.5
4e18|0.55|0.0|0.725
4e18|0.55|0.0|1.25
4e18|0.55|0.0|1.75
4e18|0.55|0.0|2.4
4e18|0.55|0.00375|-0.4
4e18|0.55|0.00375|-0.125
4e18|0.55|0.00375|0.0
4e18|0.55|0.00375|0.125
4e18|0.55|0.00375|0.285
4e18|0.55|0.00375|0.5
4e18|0.55|0.00375|0.725
4e18|0.55|0.00375|1.25
4e18|0.55|0.00375|1.75
4e18|0.55|0.00375|2.4
4e18|0.55|0.0075|-0.4
4e18|0.55|0.0075|-0.125
4e18|0.55|0.0075|0.0
4e18|0.55|0.0075|0.125
4e18|0.55|0.0075|0.285
4e18|0.55|0.0075|0.5
4e18|0.55|0.0075|0.725
4e18|0.55|0.0075|1.25
4e18|0.55|0.0075|1.75
4e18|0.55|0.0075|2.4
4e18|0.55|0.01125|-0.4
4e18|0.55|0.01125|-0.125
4e18|0.55|0.01125|0.0
4e18|0.55|0.01125|0.125
4e18|0.55|0.01125|0.285
4e18|0.55|0.01125|0.5
4e18|0.55|0.01125|0.725
4e18|0.55|0.01125|1.25
4e18|0.55|0.01125|1.75
4e18|0.55|0.01125|2.4
4e18|0.55|0.015|-0.4
4e18|0.55|0.015|-0.125
4e18|0.55|0.015|0.0
4e18|0.55|0.015|0.125
4e18|0.55|0.015|0.285
4e18|0.55|0.015|0.5
4e18|0.55|0.015|0.725
4e18|0.55|0.015|1.25
4e18|0.55|0.015|1.75
4e18|0.55|0.015|2.4
1e10|0.55|0.0|0.0
