0.015|-0.2|4e18
0.015|0|4e18
0.015|0.5|4e18
0.015|1|4e18
0.015|2|4e18
0.025|-0.2|4e18
0.025|0|4e18
0.025|0.5|4e18
0.025|1|4e18
0.025|2|4e18
0.03|-0.2|4e18
0.03|0|4e18
0.03|0.5|4e18
0.03|1|4e18
0.03|2|4e18
0.04|-0.2|4e18
0.04|0|4e18
0.04|0.5|4e18
0.04|1|4e18
0.04|2|4e18
0.05|-0.2|4e18
0.05|0|4e18
0.05|0.5|4e18
0.05|1|4e18
0.05|2|4e18
0.06|-0.2|4e18
0.06|0|4e18
0.06|0.5|4e18
0.06|1|4e18
0.06|2|4e18
0.08|-0.2|4e18
0.08|0|4e18
0.08|0.5|4e18
0.08|1|4e18
0.08|2|4e18
0.015|-0.2|1.6e19
0.015|0|1.6e19
0.015|0.5|1.6e19
0.015|1|1.6e19
0.015|2|1.6e19
0.025|-0.2|1.6e19
0.025|0|1.6e19
0.025|0.5|1.6e19
0.025|1|1.6e19
0.025|2|1.6e19
0.03|-0.2|1.6e19
0.03|0|1.6e19
0.03|0.5|1.6e19
0.03|1|1.6e19
0.03|2|1.6e19
0.04|-0.2|1.6e19
0.04|0|1.6e19
0.04|0.5|1.6e19
0.04|1|1.6e19
0.04|2|1.6e19
0.05|-0.2|1.6e19
0.05|0|1.6e19
0.05|0.5|1.6e19
0.05|1|1.6e19
0.05|2|1.6e19
0.06|-0.2|1.6e19
0.06|0|1.6e19
0.06|0.5|1.6e19
0.06|1|1.6e19
0.06|2|1.6e19
0.08|-0.2|1.6e19
0.08|0|1.6e19
0.08|0.5|1.6e19
0.08|1|1.6e19
0.08|2|1.6e19
0|0.5|1e10
